140 120 538 728 273 455 54 711 219 216 243 69
421 626 384 493 693 732 439 395 388 372 540 535
673 746 636 221 626 654 668 578 696 430 486 709
209 335 299 492 165 544 352 202 111 48 499 694
432 562 640 473 533 582 482 719 581 442 704 613
373 177 520 258 659 133 379 531 306 349 352 495
255 667 555 370 606 499 459 133 615 386 497 336
531 22 419 504 530 391 474 575 667 486 423 407
193 732 240 747 571 417 537 402 280 237 38 280
535 631 365 606 695 745 432 596 356 677 653 746
215 515 275 181 168 477 290 645 232 332 244 189
719 249 151 201 162 649 337 206 598 359 643 624