2 33 78 47 31 171 122 99 171 271 132 117 719 471 41 271 132 117 719 471 41 76 671 63 69 99 1171 171 8 32 212 9
36 2 73 49 33 719 11 271 71 171 111 333 471 471 171 67 166 66 3 71 8 76 671 63 69 99 66 88 141 71 4 9
12 11 2 12 4 4 32 717 371 88 36 37 123 44 22 2 44 11 62 66 88 76 671 63 69 99 66 88 141 71 4 9
29 27 717 2 22 31 133 471 271 22 4716 133 33 171 671 1711 332 13 43 39 76 671 63 69 99 66 88 141 71 4 9
42 39 71 713 2 62 1171 171 8 32 212 471 22 44 88 91 2 1371 714 712 76 671 63 69 99 66 88 141 71 4 9
72 76 671 63 69 2 471 11 3 42 1711 332 13 43 39 671 63 69 99 2 76 671 63 69 99 66 88 141 71 4 9
171 76 671 63 69 99 2 12 44 82 192 11 2 22 11 166 66 3 71 8 76 671 63 69 99 66 88 141 71 4 9
66 76 671 63 69 99 1171 2 71 67 166 66 3 71 8 33 271 99 1171 111 76 671 63 69 99 66 88 141 71 4 9
1371 11 171 33 271 99 1171 111 2 76 141 71 4 671 76 2 23 171 72 719 76 671 63 69 99 1171 171 8 32 212 8
88 121 91 2 44 11 62 66 88 141 71 4 671 76 76 671 63 69 99 76 671 44 69 122 171 66 88 141 71 4 7
36 99 73 49 33 719 114 271 712 171 2 23 171 72 719 719 114 271 712 171 76 671 63 69 99 1171 171 8 32 212 71
171 76 671 63 69 99 99 122 41 82 91 2 1371 714 712 712 7 71 3 64 76 671 63 69 99 66 88 141 71 4 71
712 7 71 3 64 99 29 222 411 871 911 98 2 66 1371 62 1171 171 8 32 76 671 63 69 99 66 88 141 71 4 3
271 71 712 3 36 99 971 222 411 871 911 98 22 2 1371 471 11 3 42 1711 76 671 63 69 99 1171 171 8 32 212 44
713 411 871 911 98 99 66 2 31 171 122 99 171 76 671 63 69 99 7 71 32 6 99 91 222 66 88 141 71 4 171
2 33 78 47 31 171 122 99 171 271 132 117 719 471 41 271 132 117 719 471 41 76 671 63 69 99 66 88 141 71 4 31
36 2 73 49 33 719 11 271 71 171 111 333 471 471 171 67 166 66 3 71 8 76 671 63 69 99 1171 171 8 32 212 22
12 11 2 123 44 22 2 44 11 62 66 88 76 671 63 69 99 12 4 4 32 717 371 88 36 37 66 88 141 71 4 33
29 27 717 2 22 31 133 471 271 22 4716 133 33 171 671 1711 332 13 43 39 76 671 63 69 99 1171 171 8 32 212 12
42 39 71 713 2 62 1171 171 8 32 212 471 22 44 88 91 2 1371 714 712 76 671 63 69 99 66 88 141 71 4 7
2 33 117 719 471 41 271 132 117 719 471 41 76 671 63 69 78 47 31 171 122 99 171 271 132 99 1171 171 8 32 212 7
36 2 73 49 33 719 11 271 71 171 111 333 471 471 171 67 166 66 3 71 8 76 671 63 69 99 66 88 141 71 4 7
12 11 2 12 4 4 32 717 371 88 36 37 123 44 22 2 44 11 62 66 88 76 671 63 69 99 66 88 141 71 4 7
29 27 717 2 22 31 133 471 271 22 4716 133 33 171 671 1711 332 13 43 39 76 671 63 69 99 1171 171 8 32 212 7
42 39 71 713 2 62 1171 171 8 32 212 471 22 44 88 91 2 1371 714 712 76 671 63 69 99 66 88 141 71 4 7
2 33 117 719 471 41 271 132 117 719 471 41 76 671 63 69 78 47 31 171 122 99 171 271 132 99 1171 171 8 32 212 7
36 2 73 49 33 719 11 271 71 171 111 333 471 471 171 67 166 66 3 71 8 76 671 63 69 99 66 88 141 71 4 7
12 11 2 12 4 4 32 717 371 88 36 37 123 44 22 2 44 11 62 66 88 76 671 63 69 99 66 88 141 71 4 7
29 27 717 2 22 31 133 471 271 22 4716 133 33 171 671 1711 332 13 43 39 76 671 63 69 99 1171 171 8 32 212 6
42 39 71 713 2 62 1171 171 8 32 212 471 22 44 88 91 2 1371 714 712 76 671 63 69 99 66 88 141 71 4 71
88 121 91 2 44 11 62 66 88 141 71 4 671 76 76 671 63 69 99 76 671 44 69 122 171 66 88 141 71 4 7